LandisData "Base Fire"					
Timestep 5					
>> Ecoregion MapCode MeanSize MinSize MaxSize	IgnitionProb	k
>>----------------------
>>Water					
Eco1072	1072	200	10	1000	0.00005	83
Eco1102	1102	200	10	1000	0.00005	83
Eco1133	1133	200	10	1000	0.00005	83
Eco1226	1226	200	10	1000	0.00005	83
Eco1441	1441	200	10	1000	0.00005	83
Eco2072	2072	200	10	1000	0.00005	305
Eco2102	2102	200	10	1000	0.00005	305
Eco2133	2133	200	10	1000	0.00005	305
Eco2226	2226	200	10	1000	0.00005	305
Eco2441	2441	200	10	1000	0.00005	305
Eco3036	3036	200	10	1000	0.00005	437
Eco3072	3072	200	10	1000	0.00005	437
Eco3102	3102	200	10	1000	0.00005	437
Eco3226	3226	200	10	1000	0.00005	437
Eco3441	3441	200	10	1000	0.00005	437
Eco4036	4036	200	10	1000	0.00005	130
Eco4072	4072	200	10	1000	0.00005	130
Eco4102	4102	200	10	1000	0.00005	130
Eco4133	4133	200	10	1000	0.00005	130
Eco4226	4226	200	10	1000	0.00005	130
Eco4441	4441	200	10	1000	0.00005	130
Eco5036	5036	200	10	1000	0.00005	85
Eco5102	5102	200	10	1000	0.00005	85
Eco5133	5133	200	10	1000	0.00005	85
Eco5226	5226	200	10	1000	0.00005	85
Eco5441	5441	200	10	1000	0.00005	85
Eco6036	6036	200	10	1000	0.00005	714
Eco6133	6133	200	10	1000	0.00005	714
Eco6226	6226	200	10	1000	0.00005	714
Eco6441	6441	200	10	1000	0.00005	714
Eco7133	7133	200	10	1000	0.00005	437
Eco7226	7226	200	10	1000	0.00005	437
Eco7441	7441	200	10	1000	0.00005	437


InitialFireRegionsMap	 "Y:/mn_mi_output/PSU_J/Landis_MN_inputs/rasters/mn_cli_eco_1000a.img"

FuelCurveTable					
>> Ecoregion	S1	S2	S3	S4	S5
>>--------------------------------------------------------------------					
>>Suggest	5       10     15     20     25
>>Water					
Eco1072	5	10	15	20	25
Eco1102	5	10	15	20	25
Eco1133	5	10	15	20	25
Eco1226	5	10	15	20	25
Eco1441	5	10	15	20	25
Eco2072	5	10	15	20	25
Eco2102	5	10	15	20	25
Eco2133	5	10	15	20	25
Eco2226	5	10	15	20	25
Eco2441	5	10	15	20	25
Eco3036	5	10	15	20	25
Eco3072	5	10	15	20	25
Eco3102	5	10	15	20	25
Eco3226	5	10	15	20	25
Eco3441	5	10	15	20	25
Eco4036	5	10	15	20	25
Eco4072	5	10	15	20	25
Eco4102	5	10	15	20	25
Eco4133	5	10	15	20	25
Eco4226	5	10	15	20	25
Eco4441	5	10	15	20	25
Eco5036	5	10	15	20	25
Eco5102	5	10	15	20	25
Eco5133	5	10	15	20	25
Eco5226	5	10	15	20	25
Eco5441	5	10	15	20	25
Eco6036	5	10	15	20	25
Eco6133	5	10	15	20	25
Eco6226	5	10	15	20	25
Eco6441	5	10	15	20	25
Eco7133	5	10	15	20	25
Eco7226	5	10	15	20	25
Eco7441	5	10	15	20	25

WindCurveTable					
>>             Severities (in decreasing order)					
>> Ecoregion   S5   S4   S3   S2   S1					
>> ------------------------------------					
Eco1072	1	5	15	20	30
Eco1102	1	5	15	20	30
Eco1133	1	5	15	20	30
Eco1226	1	5	15	20	30
Eco1441	1	5	15	20	30
Eco2072	1	5	15	20	30
Eco2102	1	5	15	20	30
Eco2133	1	5	15	20	30
Eco2226	1	5	15	20	30
Eco2441	1	5	15	20	30
Eco3036	1	5	15	20	30
Eco3072	1	5	15	20	30
Eco3102	1	5	15	20	30
Eco3226	1	5	15	20	30
Eco3441	1	5	15	20	30
Eco4036	1	5	15	20	30
Eco4072	1	5	15	20	30
Eco4102	1	5	15	20	30
Eco4133	1	5	15	20	30
Eco4226	1	5	15	20	30
Eco4441	1	5	15	20	30
Eco5036	1	5	15	20	30
Eco5102	1	5	15	20	30
Eco5133	1	5	15	20	30
Eco5226	1	5	15	20	30
Eco5441	1	5	15	20	30
Eco6036	1	5	15	20	30
Eco6133	1	5	15	20	30
Eco6226	1	5	15	20	30
Eco6441	1	5	15	20	30
Eco7133	1	5	15	20	30
Eco7226	1	5	15	20	30
Eco7441	1	5	15	20	30



FireDamageTable					
  					
  >> Cohort Age       FireSeverity - 					
  >> % of longevity   FireTolerance					
  >> --------------   --------------
       10%               -2
       40%               -1
       75%                0
       95%                1
       98%                2
       99%                3
       100%               4
MapNames fire/severity-{timestep}.img
LogFile fire/log.csv
SummaryLogFile fire/Sumlog.csv